290
647
907
757
425
372
742
802
487
536
992
864
422
917
530
642
483
935
338
46
262
1000
567
769
144
911
862
641
46
359
966
151
769
742
18
647
792
269
968
491
395
13
495
830
725
702
266
927
2
154
596
204
274
228
257
622
670
300
148
767
557
505
481
628
884
95
466
852
341
15
810
573
463
696
659
45
592
678
175
69
708
491
161
388
535
676
509
857
294
661
708
316
679
188
946
899
369
921
93
290
858
90
298
662
629
737
149
607
76
568
606
573
902
423
40
961
487
664
726
22
74
836
89
661
708
431
993
849
667
291
742
285
13
824
42
277
832
180
533
160
599
528
649
793
485
796
809
604
814
354
793
998
10
735
204
665
510
756
688
337
859
181
928
11
503
507
331
783
833
951
163
737
757
615
244
498
920
255
515
180
669
334
147
349
788
725
731
294
806
729
809
875
778
44
8
787
204
174
458
387
486
929
193
115
463
637
691
176
26
632
153
205
627
10
269
434
554
616
437
687
292
361
374
474
53
686
299
401
443
214
126
885
749
963
812
234
486
9
137
267
653
855
361
702
920
671
97
916
811
798
612
618
314
868
530
948
539
62
26
203
932
415
874
100
350
661
860
131
465
956
345
934
510
416
997
363
830
798
885
81
82
979
622
956
486
903
44
65
438
116
8
120
718
294
718
382
438
81
883
927
763
83
722
575
764
427
148
435
36
621
146
12
844
383
797
627
999
761
101
181
885
838
627
5
396
45
787
210
110
545
784
848
673
454
813
682
888
18
134
827
431
849
166
17
750
785
43
252
175
871
92
337
874
1000
304
107
746
770
31
528
405
762
65
274
251
360
603
421
394
232
146
907
151
487
746
361
970
893
841
121
617
582
790
507
745
23
165
250
266
223
47
45
605
24
639
903
364
826
313
294
112
586
1000
175
152
145
454
633
713
566
145
398
208
608
52
977
420
373
110
398
272
634
898
989
814
301
470
157
837
597
932
236
992
516
285
928
669
838
780
225
194
371
229
967
529
437
227
838
57
534
99
744
848
515
171
940
508
493
902
770
734
670
504
177
199
270
983
78
277
789
78
501
583
477
437
110
505
697
804
979
258
110
350
993
620
945
782
471
394
829
215
823
831
635
77
201
418
192
988
704
126
604
440
505
349
113
392
881
476
277
270
83
371
808
2
482
742
717
677
342
433
873
373
12
503
684
41
547
183
488
325
212
499
132
983
678
779
131
245
278
553
968
374
720
866
38
539
802
136
622
26
481
180
912
36
806
561
618
931
722
446
373
842
658
275
135
541
945
733
739
35
477
615
935
297
529
212
598
194
77
474
452
945
158
73
221
473
792
790
656
70
541
188
808
683
41
260
91
43
672
144
829
663
922
93
248
865
973
731
122
676
121
81
234
735
123
490
445
714
486
183
348
948
483
601
821
281
896
327
860
718
93
99
427
442
771
721
437
262
694
251
992
488
842
946
393
99
390
858
217
841
646
730
210
935
188
337
490
580
31
597
578
399
359
459
237
740
528
814
611
761
787
371
524
635
389
849
604
702
972
514
176
345
470
264
568
513
654
538
834
402
710
370
407
218
269
393
871
579
310
245
753
541
151
833
775
694
858
908
684
581
353
168
504
301
580
251
553
643
869
691
428
938
353
915
368
668
359
342
800
27
597
756
254
261
887
280
368
264
455
31
976
955
489
833
464
468
887
865
141
583
642
454
651
121
506
836
780
865
545
28
479
54
289
615
290
702
508
93
650
234
77
373
24
555
575
246
422
13
431
829
828
434
694
708
156
530
658
852
823
103
425
757
259
41
980
699
771
776
754
967
785
724
515
665
858
107
7
733
999
634
146
47
888
296
907
165
28
20
828
260
848
53
407
806
184
886
370
639
32
521
692
783
821
954
681
564
2
193
201
108
608
967
910
130
980
878
836
747
395
819
270
262
423
963
890
48
60
879
342
571
537
329
889
636
630
617
783
147
728
629
556
394
121
605
695
776
545
593
806
669
927
545
426
730
48
849
648
913
874
531
73
784
350
709
955
413
399
377
6
614
697
720
286
545
198
706
948
530
160
712
937
548
584
504
261
435
289
114
511
778
90
175
23
342
519
96
195
20
375
546
131
928
283
259
776
413
889
385
624
759
260
725
675
429
240
797
838
851
635
275
169
790
216
275
644
827
972
434
838
40
632
510
660
870
740
169
789
538
562
895
797
936
344
7
998
319
162
12
225
34
767
574
467
175
713
967
28
877
282
961
149
4
462
733
833
285
660
541
643
290
175
873
975
17
934
986
216
467
650
175
875
940
757
17
745
32
346
394
630
81
141
404
374
489
32
683
402
638
755
806
120
25
327
221
76
139
559
738
97
503
449
173
417
6
534
198
462
529
582
202
392
249
772
163
698
801
266
246
824
243
187
992
963
929
475
873
493
909
818
192
381
84
741
542
148
588
696
943
136
873
837
787
344
149
650
279
487
471
137
394
766
505
604
130
88
566
527
718
781
551
111
291
259
128
67
295
818
927
672
738
875
276
335
97
302
391
225
70
866
309
234
949
695
353
199
780
3
537
594
454
370
60
137
952
230
357
476
509
566
834
533
112
352
947
915
668
380
545
810
399
841
178
222
640
826
658
515
53
772
184
14
547
648
935
110
810
536
510
866
518
144
61
373
979
16
942
280
932
815
527
263
276
26
582
313
318
141
304
616
779
802
311
754
191
635
842
372
382
591
633
294
411
293
713
359
682
969
89
797
901
141
571
700
792
951
636
453
238
664
603
393
653
814
376
581
674
606
311
798
590
123
644
535
304
217
443
2
193
390
345
358
390
158
333
831
729
598
253
538
500
953
932
635
984
515
896
903
861
861
327
760
127
170
294
685
465
577
812
163
965
598
480
874
613
900
385
974
771
376
949
810
795
444
517
895
764
375
838
971
874
233
795
73
444
573
337
180
303
437
899
603
132
273
180
157
5
996
617
536
946
343
616
943
161
223
398
453
756
374
202
159
513
693
521
350
136
537
610
735
429
597
361
771
615
584
932
137
847
632
341
320
688
137
754
345
630
671
404
301
559
741
274
515
615
719
658
159
914
248
916
681
748
982
609
631
284
520
959
650
454
804
282
898
372
784
856
259
296
148
606
442
12
155
789
646
530
60
427
969
149
295
223
607
362
968
254
436
398
233
593
376
88
760
481
232
805
134
366
591
765
569
137
226
374
542
11
567
364
614
955
117
486
749
896
837
304
970
528
483
487
308
767
340
481
400
789
855
757
22
618
206
170
335
125
538
358
438
592
398
950
651
209
56
463
35
837
586
422
51
448
853
679
346
194
503
875
333
535
89
508
934
786
248
972
591
306
425
838
419
325
169
326
223
264
810
197
918
670
456
936
197
639
989
303
697
847
998
253
845
425
790
629
101
430
178
328
314
67
694
692
365
746
419
393
487
310
761
600
440
533
21
564
168
237
909
533
579
259
480
870
141
222
208
387
753
527
939
709
300
744
897
793
599
490
193
231
75
378
997
140
762
542
506
347
925
623
521
36
352
554
862
263
93
584
486
609
152
965
102
566
939
39
762
921
572
974
368
254
298
98
13
453
531
252
184
346
647
451
739
133
476
28
173
268
549
663
890
58
28
988
788
426
86
551
412
573
162
420
719
654
947
153
951
550
359
439
468
277
434
560
73
49
196
397
120
563
668
135
203
764
241
218
523
696
565
70
74
326
410
216
873
612
759
970
690
966
974
823
320
950
237
898
334
781
656
94
668
937
932
140
430
200
795
494
157
610
861
269
83
241
133
24
763
394
371
898
836
934
534
357
47
928
694
364
866
159
988
830
641
417
765
31
408
308
347
895
159
271
227
398
430
578
698
465
552
851
145
615
353
338
315
181
963
412
174
217
489
47
903
521
675
399
749
588
97
846
357
232
332
491
75
430
153
246
938
301
497
19
341
195
971
60
721
60
933
58
785
580
936
2
193
488
732
553
779
960
327
76
453
710
872
836
373
219
231
94
22
459
983
431
400
981
68
731
768
903
953
931
970
888
858
587
928
900
52
339
587
34
431
212
591
639
651
806
521
233
578
30
729
253
481
220
281
634
624
214
347
355
95
180
474
754
772
801
454
262
814
72
397
925
600
361
883
888
238
875
651
655
379
698
270
734
885
335
543
887
591
114
542
194
548
971
918
962
888
73
714
520
767
733
16
35
33
268
218
345
900
449
474
827
444
72
593
905
917
412
564
490
766
927
785
963
966
967
13
498
174
864
868
106
669
309
784
375
376
370
617
924
324
157
632
658
37
679
453
825
215
601
985
325
883
87
294
267
944
232
254
961
30
954
800
913
668
386
493
849
648
321
426
37
512
439
855
113
996
235
390
324
574
632
815
154
536
915
48
389
722
263
550
953
462
724
3
829
822
720
641
228
386
86
167
269
998
366
815
965
679
563
238
543
67
733
540
256
749
891
432
615
640
934
778
236
223
515
84
746
516
523
501
693
754
879
733
955
862
139
669
851
911
770
178
551
632
789
753
662
22
164
485
957
102
487
573
223
682
282
459
951
684
143
973
290
229
774
914
698
221
55
860
821
106
164
663
719
270
394
531
903
39
969
602
348
729
699
131
807
563
845
828
837
648
919
39
546
404
481
140
515
981
565
419
812
928
208
440
367
192
863
129
371
590
14
39
565
808
392
572
51
4
554
72
364
343
915
785
596
840
304
674
129
469
518
521
375
283
796
217
573
817
782
717
570
49
827
373
209
906
620
4
218
204
314
764
859
541
865
568
903
944
633
679
717
161
136
669
750
716
624
152
702
32
435
812
426
683
533
487
605
896
346
168
190
37
455
29
75
108
940
168
485
317
286
614
645
396
28
744
287
862
901
62
763
823
880
535
314
618
522
715
353
891
960
919
789
828
812
120
88
832
202
464
536
132
943
530
215
481
773
29
761
766
433
748
255
579
337
460
50
463
386
377
52
283
445
144
583
53
997
698
221
536
117
952
186
674
336
761
40
798
267
856
493
271
297
319
685
629
638
190
972
875
998
581
643
768
210
902
8
515
477
743
764
329
734
965
283
771
841
776
263
401
469
907
584
709
925
643
33
820
353
773
332
624
537
488
582
224
135
406
205
444
928
294
147
583
211
876
534
676
496
946
742
437
265
667
70
688
321
657
870
641
421
213
704
228
759
752
317
80
687
173
184
346
286
950
833
387
74
127
479
480
573
551
499
967
846
565
899
791
272
408
614
660
828
562
964
385
168
87
671
463
352
385
189
896
163
884
609
605
311
135
295
852
510
718
25
971
463
949
875
234
888
999
539
77
15
197
396
485
666
49
160
531
801
742
534
352
764
790
632
970
797
379
926
885
245
211
148
82
816
879
430
752
92
191
267
180
877
690
176
361
804
172
633
506
331
800
502
184
381
702
79
297
148
291
783
861
140
428
220
567
840
23
969
604
790
154
54
694
751
948
31
100
596
625
931
21
240
878
658
523
864
386
391
338
910
642
988
830
719
755
269
286
842
752
968
78
378
778
877
258
322
724
302
625
608
61
215
120
216
694
475
593
508
433
640
474
562
338
448
43
45
170
946
365
240
298
770
42
576
645
858
469
73
160
739
523
565
136
211
158
852
350
338
323
111
969
327
127
322
125
418
507
780
787
609
916
113
423
180
868
563
846
937
804
969
803
556
809
871
356
466
735
253
343
954
433
4
970
724
883
227
700
170
1000
150
293
809
15
543
55
448
644
751
32
402
344
825
371
109
97
164
203
554
949
835
364
878
415
206
553
795
179
400
92
302
720
2
535
679
284
437
220
971
959
703
920
46
761
226
818
575
368
554
779
833
932
960
209
373
355
389
848
647
684
955
823
427
524
365
543
297
760
333
24
493
832
288
671
607
686
192
93
792
155
70
686
916
272
933
669
802
6
190
501
176
838
737
956
34
665
316
443
751
778
144
395
707
532
441
192
733
443
194
238
739
666
334
842
386
730
578
694
865
882
101
871
626
275
36
713
147
257
535
316
598
503
889
912
635
181
950
783
987
740
206
981
464
945
692
310
298
788
884
295
135
236
891
553
452
790
820
965
291
988
987
319
753
164
727
684
172
187
92
465
115
377
974
22
711
934
863
819
691
714
344
952
684
851
71
199
284
800
16
134
493
140
367
672
11
957
629
715
856
382
30
944
767
135
405
922
831
186
594
599
503
991
173
847
76
713
916
250
452
968
397
319
84
248
292
832
466
898
631
706
863
665
77
131
804
380
128
226
846
239
374
172
142
357
78
389
187
935
158
8
700
742
976
401
536
82
777
680
227
639
308
555
555
990
246
333
948
325
337
668
439
986
641
62
518
79
454
252
856
348
747
82
29
916
279
188
571
169
408
984
278
304
177
772
388
55
614
577
310
39
394
387
97
770
936
393
716
331
107
193
492
487
748
868
996
133
150
7
835
732
182
511
560
820
396
659
816
693
165
437
827
394
99
967
141
453
714
770
924
703
896
365
336
250
739
484
387
159
459
342
60
26
248
992
473
777
645
13
603
659
425
348
190
212
490
917
406
68
840
763
970
83
802
786
330
197
862
565
136
875
226
433
573
982
737
119
846
439
344
467
760
87
265
547
621
606
655
276
22
6
555
546
890
435
43
513
619
568
965
845
192
937
244
630
435
359
927
248
16
758
171
865
538
949
750
729
857
95
511
930
971
992
792
199
560
612
739
608
630
410
345
648
404
844
959
803
798
993
697
901
106
379
842
664
177
352
627
757
649
5
965
569
114
191
15
654
648
674
296
80
370
97
898
823
867
817
86
554
167
596
239
844
264
582
57
273
134
951
585
535
286
63
609
992
860
91
389
637
752
439
985
385
765
452
971
600
317
510
593
906
168
599
616
205
755
17
420
289
793
67
516
992
674
646
429
263
141
19
384
665
796
462
605
337
610
407
135
869
761
308
377
704
178
648
561
438
385
738
49
882
116
350
401
788
727
937
102
944
514
797
334
283
922
566
187
651
566
540
453
244
494
252
575
860
54
614
645
773
347
279
655
779
296
6
889
960
272
758
620
747
911
188
306
162
36
136
614
169
328
212
692
332
9
376
408
72
795
362
128
174
35
428
860
376
589
844
374
292
160
27
252
543
75
615
346
415
875
382
645
436
38
554
87
924
598
356
915
359
924
751
535
324
740
282
828
392
314
17
751
746
102
11
122
987
458
986
978
355
646
129
669
917
597
645
897
149
307
522
973
53
819
331
875
885
928
965
253
209
925
321
709
219
96
271
770
739
404
938
96
909
867
340
676
457
72
793
554
902
226
275
378
953
814
399
21
880
416
783
4
428
612
454
54
861
180
45
398
531
453
660
556
314
844
633
72
470
875
37
111
225
700
653
537
625
50
979
278
901
994
847
311
412
775
1
729
425
825
972
925
673
315
229
748
854
472
987
858
649
812
277
598
884
915
716
69
73
136
521
290
882
560
355
589
404
985
227
6
468
68
593
490
184
894
519
824
176
256
892
395
421
22
858
242
474
15
73
122
640
328
92
940
784
35
588
660
158
240
778
581
263
700
208
434
102
219
179
94
425
89
222
904
460
974
7
723
117
156
376
823
560
786
439
576
176
41
578
509
116
987
173
788
177
111
212
297
794
432
862
687
232
294
530
237
211
462
522
296
620
824
83
889
271
171
20
46
245
311
172
444
500
551
931
614
627
823
476
511
322
99
431
403
977
634
173
93
101
610
794
128
832
796
119
716
633
429
17
703
255
348
216
473
751
277
156
477
882
611
578
286
823
117
994
923
530
809
201
484
196
770
88
435
63
424
608
409
273
524
693
108
466
854
725
285
804
467
537
202
387
24
123
777
448
651
535
366
989
315
862
513
402
629
611
781
482
292
974
228
524
478
346
844
339
710
248
122
633
738
694
861
828
809
48
994
526
128
573
218
648
990
531
968
53
547
148
48
311
313
69
440
22
479
628
559
874
596
956
548
853
964
237
236
738
954
95
168
232
664
878
217
748
644
799
361
201
842
757
247
57
213
83
984
283
283
568
587
29
279
223
283
916
912
480
353
756
18
824
749
4
25
625
543
975
795
744
545
293
650
470
76
699
340
65
633
435
970
385
972
80
490
268
518
887
482
80
967
996
529
95
928
607
519
943
265
538
346
239
184
549
879
74
659
27
418
136
39
756
96
298
458
865
173
198
779
720
132
819
259
846
28
293
932
198
854
308
684
315
826
105
32
157
490
770
945
114
342
138
280
248
826
551
833
552
495
111
514
953
316
899
135
24
129
929
839
618
54
643
784
462
329
85
107
839
63
190
665
460
662
779
127
469
82
947
542
275
232
126
653
851
537
489
985
228
667
232
664
917
810
46
228
794
743
261
68
959
25
633
967
474
302
372
562
476
358
503
61
610
759
2
617
301
271
440
351
139
468
184
584
101
233
294
465
901
824
902
63
359
509
670
986
500
378
834
961
834
175
366
758
717
404
210
819
516
340
485
569
447
715
38
839
538
982
766
197
148
366
751
521
914
232
113
838
888
528
163
794
360
902
424
629
984
838
397
86
729
163
682
999
132
513
863
294
471
383
580
834
524
108
363
432
652
371
184
787
221
673
934
282
862
608
455
607
371
224
901
815
856
240
382
886
396
626
854
379
697
112
849
265
326
599
227
602
272
662
636
544
52
691
376
336
87
397
720
568
607
205
821
139
808
159
244
175
260
979
618
637
415
786
1
829
863
926
805
399
928
193
186
458
727
853
914
981
766
422
194
537
176
440
812
901
414
934
586
45
926
660
286
921
939
32
494
440
646
62
622
413
123
355
67
923
868
360
238
768
382
724
177
723
634
546
729
530
645
511
287
741
630
842
989
495
324
945
859
848
647
685
931
548
403
671
805
399
967
86
450
33
914
110
79
60
819
448
919
299
459
51
145
822
617
64
118
770
315
111
807
798
565
760
694
984
897
962
198
37
111
943
622
631
246
977
348
304
567
66
830
814
148
642
400
477
693
497
166
67
567
215
419
715
917
813
217
816
940
227
552
979
344
77
806
545
254
624
393
109
639
945
953
993
164
493
769
808
725
835
727
81
486
427
287
65
355
386
577
917
386
694
702
538
432
375
384
422
623
599
920
46
616
605
30
233
547
691
223
566
275
10
930
673
118
262
479
80
17
850
426
786
141
138
522
552
992
43
756
57
637
121
383
829
930
482
505
23
441
896
505
705
102
559
764
805
601
256
119
580
111
27
885
58
809
548
343
714
418
916
151
560
525
536
287
744
502
959
23
184
463
459
121
886
932
484
982
528
717
273
615
290
486
113
236
764
830
894
819
485
141
533
538
901
455
641
81
842
195
7
905
874
77
805
724
712
625
182
643
223
168
863
683
154
44
949
220
633
436
246
363
256
743
928
253
804
15
277
275
288
535
669
974
279
885
600
933
686
913
414
259
689
58
686
667
506
851
561
580
75
600
677
335
218
719
988
316
483
478
568
106
561
846
102
204
540
639
897
828
525
671
812
903
338
533
754
90
806
344
720
28
404
236
300
585
29
27
146
828
875
169
267
279
845
662
331
776
677
366
311
350
117
921
792
700
668
695
241
18
807
570
861
356
207
829
179
188
678
837
491
951
715
579
369
854
225
390
926
951
2
138
43
849
595
323
639
273
621
531
511
493
104
59
639
783
160
265
616
632
429
546
237
191
802
260
909
410
654
296
146
214
179
37
525
4
491
463
920
349
663
222
453
21
666
726
93
714
257
791
626
384
454
921
697
873
988
998
738
883
538
735
481
827
916
47
14
724
761
729
683
433
581
461
721
809
982
52
448
422
707
397
627
213
387
673
499
694
657
40
309
841
446
101
91
437
633
198
317
851
93
824
887
81
499
992
189
678
573
385
936
683
578
678
451
16
976
931
833
724
31
90
712
92
273
226
823
704
372
19
763
76
297
845
946
259
58
467
214
862
319
453
775
218
732
616
512
308
257
763
343
734
611
532
68
894
914
570
456
187
394
737
883
869
435
706
572
12
760
735
102
615
970
77
915
138
106
678
121
865
591
403
55
37
712
438
574
143
951
750
228
562
517
405
340
10
978
571
398
865
194
297
911
589
280
901
371
409
56
954
47
295
810
685
424
62
948
289
632
78
883
250
452
792
519
612
601
688
235
605
47
427
126
983
334
927
889
572
601
658
577
831
841
402
254
84
759
349
307
190
653
977
348
278
164
715
915
308
765
661
872
476
450
373
359
524
171
416
264
361
496
685
318
865
114
457
424
888
830
376
440
255
172
955
350
229
611
707
994
284
349
451
787
162
771
671
490
958
442
689
325
236
511
255
566
598
758
693
571
556
452
218
712
991
939
477
209
802
523
233
923
315
247
537
979
889
401
848
744
986
300
110
945
254
548
565
587
890
952
676
455
479
70
921
246
959
243
844
183
768
11
375
75
76
535
443
165
167
115
314
563
709
193
617
9
521
191
657
169
306
882
412
135
230
130
234
777
511
631
632
65
629
170
142
569
461
112
870
787
91
36
310
195
807
837
346
552
109
641
477
955
789
687
32
180
196
473
351
380
74
976
920
974
628
11
311
523
439
414
798
221
212
619
500
498
16
905
241
366
659
530
49
596
194
874
114
984
200
319
145
415
969
576
868
896
544
245
665
116
33
200
75
298
328
70
572
51
254
24
810
311
364
102
462
945
453
523
781
191
310
833
580
374
729
155
451
594
862
381
459
602
142
66
263
881
149
303
77
232
16
479
84
514
521
107
999
80
875
793
93
178
527
382
743
340
706
886
571
265
119
617
904
219
980
42
824
227
349
70
333
461
201
893
649
675
687
860
706
934
147
65
946
351
732
873
491
302
423
128
930
342
100
78
731
791
687
300
423
657
623
43
325
769
941
64
295
554
701
717
98
916
47
632
165
315
740
971
458
537
82
375
557
508
526
434
769
258
970
779
469
225
9
608
766
868
749
258
243
499
714
85
301
920
350
509
562
132
338
325
559
86
312
83
513
904
560
969
618
597
402
3
888
62
959
882
132
609
946
700
173
383
425
916
20
289
11
95
765
213
422
221
614
871
827
508
739
858
287
496
301
116
344
364
884
595
866
185
129
871
46
326
319
136
667
565
405
189
846
624
817
348
391
437
870
717
793
831
369
873
483
213
237
271
93
899
863
831
732
198
83
724
925
527
278
799
794
777
250
187
360
586
103
230
634
433
600
692
371
444
821
684
28
544
735
739
281
486
535
988
421
465
150
130
596
725
311
877
246
217
336
363
431
425
666
812
277
582
460
925
191
197
511
461
752
519
578
16
282
624
214
761
66
717
687
610
546
42
873
254
539
801
619
826
581
639
707
804
214
220
739
440
822
421
646
592
784
261
885
976
702
950
63
154
304
183
412
11
704
957
644
417
416
557
368
246
5
219
888
121
229
728
247
792
660
898
841
501
458
255
453
178
776
151
187
330
918
454
920
885
968
389
141
362
552
938
648
374
705
355
785
905
563
203
856
665
295
635
218
922
999
821
820
601
777
830
161
762
166
312
766
610
511
255
987
744
36
825
511
177
226
168
57
242
809
476
991
871
92
60
86
482
28
648
995
357
36
414
956
610
559
367
917
444
735
586
146
837
814
54
412
416
596
781
33
362
268
608
540
768
601
577
175
726
770
224
865
99
934
475
789
60
965
773
532
432
244
226
998
633
101
374
760
880
611
294
783
392
347
568
183
449
847
486
48
735
415
970
502
923
905
982
370
398
306
230
907
991
506
71
811
319
922
614
368
203
803
803
687
821
873
488
267
463
124
694
56
614
715
895
92
63
831
334
965
261
822
923
271
295
43
834
506
812
763
546
649
436
121
37
2
653
940
806
697
611
439
674
676
953
617
874
643
190
934
946
15
93
425
979
444
834
878
176
71
91
70
805
92
837
127
315
234
347
687
174
793
738
620
659
701
540
196
509
880
576
603
884
830
127
231
44
931
762
848
756
24
214
203
289
466
793
7
571
154
994
160
370
812
371
840
707
212
584
514
457
717
488
434
127
40
112
878
645
940
515
636
929
151
936
378
507
965
793
444
226
809
354
302
793
686
20
387
604
217
449
705
249
500
908
270
844
356
191
383
486
523
138
930
851
760
943
116
713
983
227
981
206
943
207
551
448
671
283
752
610
815
487
286
41
393
940
12
241
551
726
831
256
903
707
630
545
446
288
432
129
145
74
529
951
103
262
267
870
840
846
541
461
730
966
249
945
632
384
161
356
592
445
985
123
874
104
914
358
480
24
96
891
963
720
890
411
52
1
575
308
716
806
8
346
114
225
762
639
577
868
748
815
660
335
428
896
248
690
750
587
673
881
59
532
238
178
264
463
476
793
659
155
367
57
580
311
263
117
88
532
928
643
394
206
757
267
4
113
75
114
768
592
838
519
717
724
34
849
412
25
455
226
217
529
430
587
414
639
42
993
78
582
677
621
640
416
753
751
287
998
735
49
479
386
48
619
557
613
778
324
922
533
192
710
531
324
661
656
667
278
145
141
228
133
666
272
869
703
167
781
99
185
626
488
834
964
507
340
715
292
72
912
759
702
461
87
25
497
344
931
744
333
605
110
421
765
824
591
171
554
737
995
986
528
176
760
130
515
259
328
529
62
708
630
588
57
248
21
592
290
594
124
30
353
451
807
510
533
957
166
912
689
231
67
523
632
284
377
71
723
956
78
453
721
931
742
399
167
283
835
35
640
205
75
799
298
905
653
584
781
878
588
646
524
823
777
320
971
827
59
192
487
147
928
476
343
173
68
53
953
935
358
226
464
853
744
597
414
741
110
466
256
185
133
531
287
672
72
629
490
53
164
962
8
251
181
449
137
961
667
921
761
489
88
216
248
285
966
621
114
374
850
831
865
454
546
83
746
189
712
365
765
895
263
237
735
900
659
789
788
490
496
28
570
151
870
177
2
55
730
805
9
718
380
270
750
820
255
942
687
986
572
369
105
213
204
12
353
586
427
271
483
586
519
937
839
592
680
238
567
691
205
105
520
752
701
103
174
300
957
605
326
37
733
509
457
34
316
233
757
893
744
149
399
211
889
614
144
581
667
526
602
245
551
309
381
979
565
381
42
19
344
478
844
38
103
300
949
398
520
394
313
363
120
187
164
88
185
56
664
427
863
64
477
519
868
999
801
38
297
310
746
254
504
852
881
486
97
655
124
497
916
701
592
537
913
617
841
818
179
376
937
967
776
711
374
663
107
251
835
890
9
978
583
42
879
290
830
8
472
511
230
811
495
469
744
296
631
282
260
727
266
998
912
765
396
83
833
733
75
66
322
256
222
277
827
939
955
195
240
211
622
181
299
799
422
418
106
186
12
584
164
937
820
156
500
320
314
96
176
958
296
429
928
615
809
226
821
873
697
347
530
533
940
673
388
521
935
161
340
489
280
173
895
690
538
508
125
306
928
603
841
520
132
881
441
114
352
909
992
784
920
387
213
926
154
679
5
598
504
952
760
638
90
683
301
588
726
114
719
766
547
839
598
219
492
509
964
635
697
403
525
220
549
281
659
45
822
881
52
483
848
995
472
988
815
743
108
135
366
319
768
27
496
51
111
787
788
825
906
670
966
202
331
174
773
131
907
706
227
612
440
764
864
406
685
302
738
435
501
120
234
818
282
977
835
149
719
63
24
171
201
926
968
793
682
117
218
531
413
966
349
55
568
645
134
203
290
282
644
42
37
394
711
918
261
583
9
359
650
725
987
468
808
409
795
683
534
31
864
748
418
713
515
855
696
901
166
396
858
981
622
89
300
154
343
854
301
91
70
217
242
231
900
647
459
797
89
480
962
500
294
407
365
609
490
973
506
199
212
425
286
217
860
870
203
641
768
910
73
473
183
640
403
32
867
580
299
318
233
599
917
831
459
475
446
841
574
614
222
414
782
270
518
196
744
584
276
812
77
465
455
97
835
248
567
390
68
651
705
281
566
786
305
174
839
271
487
240
610
490
386
191
871
938
552
344
864
137
771
125
905
340
101
581
742
562
183
637
346
869
804
771
619
856
338
80
697
38
241
240
629
415
697
151
851
12
589
638
659
110
207
802
740
166
915
145
573
398
1
88
315
210
607
907
742
585
284
117
94
680
430
536
173
519
837
890
477
342
302
798
550
182
255
56
701
522
918
979
531
657
499
478
943
32
491
73
155
110
388
927
714
786
171
982
3
882
357
351
541
837
651
403
713
685
2
742
466
161
968
922
316
533
666
361
971
206
405
264
872
446
921
939
728
370
271
557
361
724
456
410
137
416
383
586
820
377
147
851
15
374
898
315
441
192
700
405
403
297
506
414
719
549
975
387
835
189
896
481
494
559
470
770
266
51
799
772
372
586
714
293
387
256
252
103
602
508
409
547
877
565
298
407
679
350
629
769
664
631
765
242
228
22
529
565
786
860
504
948
899
813
442
635
732
27
51
263
447
77
286
972
158
711
996
46
895
84
761
987
82
706
826
333
377
688
436
712
920
535
384
471
84
875
310
105
916
465
398
440
528
820
859
476
971
457
799
760
216
339
564
387
415
360
676
479
404
250
643
734
989
403
590
772
678
734
756
582
378
302
667
462
172
462
257
761
129
31
121
252
957
132
617
236
867
91
271
480
29
619
767
114
362
888
965
387
37
52
923
499
400
633
810
654
849
585
510
155
700
496
254
88
788
920
390
82
277
299
506
564
673
197
771
450
971
734
464
621
164
170
379
83
805
702
769
451
129
438
759
283
116
905
625
811
525
651
632
634
79
184
665
871
889
568
54
27
211
80
472
114
408
10
846
744
96
861
358
98
374
104
632
913
410
572
802
800
416
148
165
619
109
324
913
748
119
714
957
578
455
990
355
630
602
139
943
674
245
540
463
798
632
45
717
24
571
52
199
376
784
457
366
213
255
986
793
394
785
437
963
390
272
753
466
343
889
492
826
645
879
564
899
131
293
948
757
806
383
797
212
607
531
73
873
213
602
252
197
442
117
802
750
183
611
73
506
41
352
200
349
23
546
547
381
348
815
411
660
638
396
24
504
36
944
474
44
727
845
170
399
554
669
877
841
440
382
390
393
223
346
393
979
46
750
76
819
655
936
121
597
855
10
918
586
860
3
799
697
414
672
326
980
820
653
647
514
140
839
466
682
349
596
981
207
478
358
122
720
63
726
903
951
375
935
157
19
926
436
351
895
980
343
102
181
859
856
619
388
799
659
497
732
476
614
305
159
104
468
859
765
893
868
164
218
39
545
487
475
852
103
447
69
54
351
360
397
238
397
909
881
279
466
991
490
652
271
668
585
299
8
383
728
648
433
821
273
942
685
968
668
187
287
706
630
69
703
773
974
256
152
500
532
255
797
272
620
121
587
250
357
390
388
440
519
363
865
889
205
646
111
351
17
636
12
753
923
379
731
830
852
421
586
722
179
668
613
948
684
241
719
130
95
500
839
16
132
798
452
537
535
268
636
618
252
92
270
814
491
469
848
329
91
554
44
585
753
375
330
838
194
869
89
166
934
523
398
110
661
214
491
889
559
831
465
597
754
508
566
909
923
55
281
911
300
138
38
41
873
532
641
847
137
71
359
701
169
64
285
535
170
671
43
473
991
457
254
844
211
169
597
828
667
920
404
952
239
384
552
280
73
950
908
231
115
394
198
357
247
481
861
684
34
940
385
662
686
607
466
395
679
315
136
593
754
895
492
128
339
506
392
211
993
477
571
560
355
472
832
268
837
154
783
649
134
447
538
743
113
964
974
598
725
322
945
297
728
139
691
329
858
216
568
166
194
559
419
654
827
793
500
809
57
363
358
203
591
992
961
195
258
823
62
475
796
126
636
62
593
965
202
508
121
396
770
264
509
383
397
922
89
599
659
628
762
481
92
544
896
55
134
445
75
835
550
284
322
322
269
741
864
815
77
794
232
369
183
384
557
926
199
954
971
220
782
677
287
22
599
281
658
756
539
376
713
675
294
838
207
44
405
408
676
733
139
346
992
841
179
278
86
527
51
964
179
650
623
409
650
857
142
107
795
34
117
407
582
4
333
577
789
279
218
177
634
48
853
774
45
827
15
379
805
57
806
539
864
182
979
562
386
184
92
335
796
379
860
361
934
169
869
81
853
110
512
990
403
699
766
802
480
71
347
830
766
930
147
804
701
590
474
381
27
544
586
709
338
485
172
468
577
597
196
534
275
42
313
215
654
567
125
771
411
430
340
895
632
299
12
33
58
731
285
864
123
734
843
237
566
926
424
476
197
314
376
176
194
609
315
13
375
543
585
834
248
701
299
210
43
645
619
486
588
975
691
783
720
138
842
995
339
354
281
930
89
157
882
274
438
896
716
885
423
827
9
606
37
1
860
219
909
482
585
548
130
616
391
66
746
108
824
619
534
579
539
6
419
316
698
995
873
69
735
991
826
419
534
94
467
435
223
987
777
152
97
562
551
955
212
544
808
729
862
446
292
891
579
123
939
865
431
335
415
564
403
256
795
629
314
637
501
478
148
5
440
271
911
896
612
299
352
627
534
39
203
397
563
940
797
944
966
374
551
825
691
9
710
451
862
405
319
433
854
465
571
449
665
813
605
148
822
510
520
900
596
516
41
258
622
317
42
536
561
506
492
965
697
150
364
47
177
49
145
686
201
157
111
963
245
460
345
966
996
561
430
441
30
184
293
656
902
298
987
636
890
544
942
317
280
763
151
361
669
53
268
629
599
641
229
523
196
225
994
63
647
572
743
781
793
346
273
970
580
958
400
113
558
672
621
949
602
46
998
643
708
256
776
418
467
881
967
292
529
596
347
129
95
196
361
462
380
64
903
399
825
460
518
928
415
770
968
402
535
379
568
761
38
352
756
604
757
463
870
855
983
133
558
116
181
221
287
636
535
374
140
695
828
812
239
618
953
554
408
362
500
101
138
866
562
997
665
994
162
647
731
901
703
758
900
31
608
285
236
651
684
468
795
664
623
445
82
44
511
652
40
607
149
660
244
414
100
425
165
56
48
274
206
569
831
921
154
108
261
260
261
502
441
786
315
437
66
184
424
672
177
470
677
349
550
695
157
308
541
977
711
319
671
637
823
221
799
40
109
453
866
657
608
538
509
81
108
676
191
143
589
840
23
131
713
78
110
999
374
77
590
755
311
790
70
555
129
612
461
327
861
226
747
42
192
772
353
95
721
169
998
761
621
335
819
645
396
174
75
419
162
951
396
432
685
310
438
6
939
764
966
525
726
156
131
908
1
315
908
450
692
981
484
678
32
685
674
584
957
218
970
235
234
742
549
38
762
857
787
392
881
134
195
194
958
400
24
441
856
803
365
638
729
118
892
123
30
435
22
150
908
822
287
232
299
47
730
492
174
981
518
438
584
676
325
976
391
261
677
242
999
779
293
175
269
570
385
659
696
88
864
319
857
513
846
877
78
396
520
396
629
409
530
256
272
538
936
478
192
801
602
704
838
337
539
934
308
179
65
920
94
136
238
96
532
765
729
442
776
31
246
141
99
877
64
459
575
424
638
681
634
688
900
205
942
402
628
485
364
726
352
790
563
7
933
769
145
70
880
314
889
882
446
341
677
482
904
20
413
569
978
775
912
346
431
606
447
84
47
312
760
649
913
427
335
404
232
549
774
122
247
414
554
231
185
572
551
746
628
30
104
571
795
434
988
398
231
647
7
408
670
487
5
749
111
575
447
523
111
197
178
969
943
88
606
805
628
849
662
43
55
414
125
946
657
731
209
234
613
906
461
48
299
680
124
291
853
144
794
298
783
144
958
310
844
859
369
602
517
665
379
94
827
793
757
892
383
972
29
116
160
138
102
222
736
390
865
529
424
381
617
750
161
521
352
394
941
338
477
885
522
225
436
346
682
480
283
486
932
551
718
932
556
718
655
374
340
814
78
126
755
272
84
532
789
300
535
561
174
687
807
982
31
818
216
37
37
305
737
402
510
163
927
241
175
987
854
409
759
527
290
925
960
660
498
676
589
326
255
858
495
846
166
5
450
602
670
63
758
439
706
830
336
239
861
555
133
918
571
756
335
916
792
237
561
361
977
865
32
833
712
833
4
261
765
588
849
495
859
40
525
834
620
222
602
18
349
700
433
159
610
384
938
674
38
435
354
186
453
328
908
636
275
503
966
169
467
479
402
786
519
341
275
806
659
856
463
669
19
889
946
687
71
546
575
159
97
879
123
120
674
721
288
888
32
157
907
909
1000
852
664
344
368
669
1
706
13
763
525
852
764
853
25
99
527
953
504
643
57
71
332
332
681
925
47
4
616
706
103
75
245
567
33
663
42
80
624
199
626
504
212
901
488
550
190
225
59
588
721
913
339
607
508
738
162
326
920
834
615
922
469
691
406
371
605
836
193
801
212
997
334
478
1
176
851
945
549
453
22
371
439
424
21
404
963
83
856
194
561
633
374
351
587
10
357
831
462
538
199
478
304
765
105
958
924
449
911
959
962
257
473
626
573
29
44
447
802
537
553
913
995
954
307
446
368
401
622
50
998
140
574
247
849
245
660
643
461
146
546
487
958
827
188
808
96
558
656
478
695
184
360
538
131
108
259
742
566
88
432
839
735
150
637
773
380
707
722
704
198
251
786
376
948
168
299
253
690
588
403
813
583
183
261
929
745
852
537
659
292
308
270
133
633
430
536
92
546
460
502
390
282
868
806
547
871
130
846
555
407
663
593
196
514
172
428
554
124
565
570
722
346
495
581
997
885
702
327
449
385
509
92
565
510
437
21
854
61
907
596
849
147
667
399
509
286
133
242
521
522
430
796
855
409
448
328
985
8
49
832
866
909
129
805
761
162
994
209
864
379
409
882
74
918
164
851
976
956
975
60
249
220
40
691
118
141
327
94
68
210
518
142
553
933
348
321
387
30
203
930
540
154
736
501
418
135
92
228
50
854
345
916
555
135
606
710
773
500
813
665
508
904
18
206
892
690
968
567
192
9
717
737
849
238
701
385
1
155
110
608
26
683
337
148
621
779
362
622
852
637
417
161
932
545
957
660
492
662
243
479
813
784
121
930
378
185
906
195
836
622
516
385
818
149
993
661
989
55
310
552
84
384
412
498
884
521
428
508
74
960
455
790
829
145
710
268
705
597
669
770
447
955
898
499
355
637
543
923
308
494
317
881
617
107
422
863
813
169
773
759
834
721
135
30
450
341
49
218
405
660
33
223
106
488
596
235
652
128
404
228
815
337
628
527
549
833
858
69
153
299
639
791
453
60
686
388
800
760
758
938
298
770
897
524
780
718
183
52
668
469
877
336
517
632
459
561
897
463
979
149
114
311
262
344
132
475
807
310
531
63
686
387
369
221
593
980
62
554
503
55
821
957
734
775
362
611
680
312
487
662
563
365
434
122
545
614
263
384
715
890
877
947
114
245
506
883
688
840
120
237
294
378
662
176
961
854
53
940
14
78
195
860
836
946
448
136
772
222
598
913
49
84
55
321
37
739
694
117
844
721
314
968
669
253
617
28
244
431
290
362
929
550
640
540
632
436
639
136
832
576
58
45
76
52
721
546
34
918
611
203
337
448
378
633
603
833
783
570
74
67
478
209
853
110
396
238
460
388
855
634
891
758
245
963
432
336
523
598
444
790
706
248
140
283
476
61
478
935
105
149
971
843
89
653
313
398
516
960
862
597
982
538
908
354
640
516
220
163
353
646
236
668
240
427
718
802
294
16
362
377
48
7
494
83
697
479
373
65
533
53
364
316
955
8
98
968
765
625
453
231
623
772
217
866
694
820
920
705
332
234
921
28
670
383
985
507
749
614
316
501
343
171
598
486
158
963
932
720
991
943
540
307
785
549
668
840
837
626
873
312
498
695
985
969
473
838
898
564
277
16
413
411
160
751
908
568
163
512
147
6
809
457
330
213
128
119
657
700
702
145
272
371
954
120
711
41
960
606
52
289
452
940
588
140
570
75
801
180
535
775
620
446
372
161
270
856
92
286
494
497
390
402
148
284
922
892
361
724
633
645
937
604
698
359
904
406
688
884
266
255
584
680
14
720
60
895
992
536
8
794
348
794
956
554
150
639
60
9
985
878
13
606
497
102
477
30
180
303
853
848
294
241
77
508
102
530
49
602
218
494
111
914
463
320
214
926
266
34
403
79
442
187
792
552
446
407
949
240
211
985
422
160
25
840
123
392
778
139
850
640
686
740
361
984
66
250
478
610
196
428
709
336
713
841
893
944
116
2
552
97
386
50
16
871
359
200
551
130
366
792
252
315
781
981
13
473
996
599
467
986
40
328
36
654
478
980
101
716
153
633
482
368
379
220
52
372
806
909
939
166
996
996
607
778
969
127
281
865
605
884
16
703
672
158
754
40
741
625
920
239
690
212
599
603
550
981
580
696
919
194
463
286
951
668
359
134
295
23
358
171
138
566
592
284
338
859
833
943
557
935
834
388
149
747
975
596
911
640
137
206
691
910
886
234
488
50
62
983
358
827
756
409
500
31
712
334
962
824
407
843
636
448
677
224
92
669
237
735
499
66
373
466
227
228
645
748
8
448
155
113
906
862
900
12
236
668
257
926
921
727
364
884
895
174
405
513
514
861
798
798
994
343
580
910
161
473
841
112
302
406
215
361
346
150
541
577
99
890
152
814
218
311
107
669
721
5
955
171
985
171
960
433
742
521
58
470
882
350
442
469
358
413
90
921
877
561
125
235
830
34
571
14
436
483
447
338
166
988
168
18
191
537
543
224
480
150
785
743
264
996
119
622
898
628
407
938
961
531
220
531
491
441
26
188
266
534
266
640
384
993
900
837
471
226
898
263
277
671
780
769
602
27
215
952
591
305
443
540
663
915
88
79
580
551
220
343
257
791
735
588
16
762
369
821
803
433
114
790
888
922
849
320
100
176
665
207
166
825
642
354
952
664
970
136
511
478
258
95
591
325
731
992
625
973
427
348
815
801
209
450
128
967
714
815
131
274
826
603
204
988
528
226
666
509
561
479
888
816
10
901
678
33
543
176
923
498
129
224
140
805
168
927
478
674
32
100
528
548
357
624
806
746
619
130
214
488
377
758
890
457
761
922
164
366
578
301
238
208
257
564
878
564
727
174
995
883
189
251
254
40
246
536
724
280
505
205
367
289
208
159
91
174
114
220
641
401
364
997
178
755
617
557
599
896
909
776
973
742
709
310
348
736
673
377
18
850
453
87
281
516
279
539
811
214
167
646
472
340
163
690
505
253
782
782
382
482
951
974
413
802
443
141
641
209
890
223
318
255
778
220
414
641
3
154
751
92
994
560
352
916
130
897
195
754
307
720
644
689
976
342
726
718
583
131
527
625
50
858
912
774
182
67
346
790
771
30
110
90
506
851
227
33
488
636
377
816
476
908
916
304
54
650
126
26
243
390
752
948
924
684
875
438
493
961
962
349
469
970
428
363
866
366
610
64
612
479
737
907
460
834
584
159
483
100
257
8
533
604
636
843
800
604
375
559
499
424
929
165
343
117
543
836
608
595
47
5
277
536
426
883
865
790
972
877
8
721
162
23
934
782
636
283
783
157
826
628
485
881
123
199
997
259
422
801
54
351
288
980
585
528
511
471
704
85
464
930
165
905
855
479
512
366
153
239
694
576
899
572
876
386
218
651
718
252
716
281
302
11
705
444
821
90
607
922
557
15
113
888
495
904
215
459
46
479
441
736
830
436
112
489
41
459
553
31
131
995
538
857
21
885
108
560
377
22
457
999
884
363
146
289
68
532
194
985
743
374
254
890
614
326
216
478
932
619
715
279
13
916
361
104
757
453
367
516
332
198
39
824
602
209
264
488
609
885
421
1
804
624
400
702
784
855
164
868
3
84
385
657
433
97
526
852
94
851
876
192
808
105
153
925
771
63
371
634
764
443
642
150
625
367
207
442
994
915
662
630
898
316
154
52
583
595
884
908
760
451
587
794
359
199
12
407
837
33
952
561
776
825
218
542
458
415
637
577
639
417
438
971
301
680
363
503
691
109
931
468
661
210
758
444
595
451
636
627
37
401
653
402
830
806
444
40
643
516
954
757
554
409
575
925
798
766
562
519
762
242
397
377
805
506
622
721
417
302
414
337
388
36
812
779
912
63
916
909
871
405
410
909
76
479
924
294
935
64
605
546
540
927
196
662
382
243
273
2
404
563
415
646
856
236
751
91
391
345
56
425
17
108
448
415
47
927
410
992
806
487
767
254
313
65
284
579
578
824
350
480
177
812
146
301
669
298
756
293
859
326
755
337
333
374
2
123
811
43
956
853
954
16
340
479
152
907
395
394
868
317
609
194
637
516
581
839
143
709
43
137
947
663
972
780
876
311
147
165
399
596
152
259
80
876
759
127
121
704
957
502
347
734
555
925
789
77
5
885
342
12
942
492
891
865
253
848
131
637
910
154
311
352
780
910
508
471
652
953
442
417
98
39
495
317
645
442
357
430
332
740
436
752
161
870
796
272
711
873
621
964
799
663
511
29
329
921
336
78
725
449
742
651
414
453
434
271
962
929
336
970
224
107
518
902
408
287
373
40
37
826
966
616
442
359
25
453
855
253
386
960
95
458
481
767
834
484
770
143
379
806
74
